1
1 1.0
2 0.707317073171
3 0.0731707317073
2 0.658536585366
3 0.780487804878
3 0.731707317073
1 0.80487804878
2 0.536585365854
1 1.0
2 0.780487804878
2 0.658536585366
1 0.853658536585
3 1.0
2 0.731707317073
3 0.536585365854
3 1.0
1 0.7
3 1.0
1 0.658536585366
2 0.682926829268
3 0.0
2 0.487804878049
2 0.19512195122
1 1.0
1 0.475
1 0.634146341463
1 0.707317073171
3 0.780487804878
3 1.0
2 0.878048780488
2
1 1.0
3 0.707317073171
3 0.975609756098
1 0.829268292683
3 0.414634146341
2 0.55
1 0.80487804878
2 0.853658536585
2 0.658536585366
2 0.609756097561
2 0.512195121951
3 0.0
1 0.853658536585
1 0.756097560976
1 1.0
1 0.731707317073
3 0.0
3 0.731707317073
2 0.463414634146
2 0.682926829268
3 0.341463414634
2 0.658536585366
1 0.675
1 0.682926829268
2 0.951219512195
3 0.170731707317
3 1.0
3 1.0
2 0.80487804878
1 0.731707317073
3
3 0.121951219512
1 0.829268292683
2 0.317073170732
3 0.951219512195
1 0.731707317073
2 0.829268292683
1 0.829268292683
2 0.75
1 0.829268292683
2 0.756097560976
3 1.0
1 0.756097560976
3 0.756097560976
2 1.0
2 0.365853658537
1 0.731707317073
3 0.512195121951
2 0.5
3 0.365853658537
2 0.80487804878
3 0.75
1 0.951219512195
3 1.0
2 0.609756097561
3 1.0
2 0.731707317073
1 0.878048780488
1 0.975609756098
3 0.90243902439
1 0.731707317073
1
3 0.390243902439
1 0.975
1 0.560975609756
1 0.317073170732
1 0.878048780488
3 0.658536585366
2 0.80487804878
3 0.0
3 1.0
2 0.90243902439
1 0.775
1 0.609756097561
3 1.0
1 0.560975609756
2 0.609756097561
2 0.7
1 0.80487804878
2 0.658536585366
3 0.341463414634
3 1.0
2 0.658536585366
2 0.146341463415
1 0.512195121951
3 1.0
2 0.853658536585
1 0.731707317073
2 1.0
3 1.0
2 0.731707317073
3 0.463414634146
3

2 0.780487804878
1 0.780487804878
3 0.317073170732
2 0.878048780488
2 0.609756097561
3 0.439024390244
2 0.707317073171
2 0.0
2 0.780487804878
3 0.536585365854
3 1.0
3 0.560975609756
2 0.780487804878
1 0.536585365854
2 0.609756097561
1 0.682926829268
3 0.80487804878
2 0.5
3 0.878048780488
1 0.682926829268
1 1.0
1 0.926829268293
1 0.80487804878
1 0.682926829268
3 0.926829268293
1 0.878048780488
1 0.780487804878
3 0.90243902439
2 0.463414634146
3 0.853658536585
2
1 0.80487804878
2 0.536585365854
1 0.878048780488
3 0.6
2 0.341463414634
1 0.80487804878
3 0.80487804878
1 0.658536585366
2 0.609756097561
1 0.829268292683
2 0.780487804878
3 0.0487804878049
1 0.439024390244
2 0.951219512195
3 0.414634146341
2 0.80487804878
2 0.585365853659
1 0.585365853659
2 0.80487804878
3 0.560975609756
3 1.0
3 1.0
2 0.80487804878
1 0.80487804878
3 0.317073170732
2 0.170731707317
3 0.292682926829
1 1.0
1 0.536585365854
3 0.80487804878
1
2 0.585365853659
3 0.512195121951
3 0.585365853659
1 0.731707317073
2 0.658536585366
2 0.268292682927
1 0.756097560976
2 0.536585365854
3 0.268292682927
2 0.609756097561
1 0.780487804878
2 0.512195121951
1 0.75
1 1.0
1 0.780487804878
1 0.55
2 0.707317073171
3 0.560975609756
2 0.585365853659
3 0.90243902439
1 0.829268292683
2 0.878048780488
3 0.926829268293
3 0.609756097561
2 0.80487804878
1 0.243902439024
3 0.414634146341
3 0.731707317073
3 0.975609756098
1 0.829268292683
1
2 0.609756097561
2 0.682926829268
3 0.878048780488
2 0.780487804878
3 0.951219512195
1 0.780487804878
3 0.90243902439
3 0.0
1 0.512195121951
3 0.425
2 0.853658536585
3 1.0
1 0.780487804878
3 0.585365853659
1 0.756097560976
1 0.365853658537
3 0.25
2 0.512195121951
2 0.536585365854
2 0.756097560976
2 0.475
1 0.682926829268
1 0.560975609756
3 0.439024390244
2 0.829268292683
3 0.585365853659
1 1.0
1 0.780487804878
1 0.341463414634
2 0.825
3
3 0.365853658537
1 1.0
1 0.707317073171
3 0.731707317073
3 0.951219512195
2 1.0
2 0.658536585366
2 0.878048780488
1 0.80487804878
1 0.756097560976
2 0.80487804878
3 0.463414634146
2 0.8
2 1.0
2 0.878048780488
2 0.829268292683
1 0.853658536585
1 0.829268292683
2 0.707317073171
1 0.756097560976
3 0.634146341463
1 0.756097560976
1 0.731707317073
3 0.878048780488
3 0.5
3 0.7
3 1.0
1 0.731707317073
2 0.951219512195
3 0.512195121951
2
3 1.0
2 0.975609756098
3 0.731707317073
2 0.731707317073
3 0.707317073171
1 0.975609756098
3 1.0
1 0.487804878049
1 1.0
2 0.731707317073
1 0.609756097561
3 0.658536585366
2 0.756097560976
1 0.609756097561
2 0.560975609756
2 1.0
3 0.951219512195
2 0.80487804878
1 0.625
2 0.512195121951
2 0.487804878049
3 0.525
1 0.707317073171
3 0.975609756098
1 1.0
1 0.55
2 0.634146341463
1 0.439024390244
3 0.780487804878
3 0.4
2
3 0.292682926829
3 0.0
3 1.0
2 0.170731707317
2 0.365853658537
1 0.487804878049
2 0.707317073171
1 0.90243902439
1 1.0
3 1.0
3 1.0
1 0.829268292683
1 0.0
2 0.756097560976
2 0.80487804878
1 0.756097560976
3 0.658536585366
1 0.487804878049
3 0.414634146341
3 0.80487804878
2 0.780487804878
2 0.0731707317073
2 0.512195121951
2 0.512195121951
3 0.926829268293
3 0.658536585366
1 0.634146341463
1 0.292682926829
2 0.90243902439
1 0.975609756098
3
1 0.95
3 0.7
3 1.0
1 0.658536585366
1 0.707317073171
1 0.829268292683
2 0.731707317073
1 0.780487804878
3 1.0
3 0.926829268293
1 0.926829268293
2 1.0
2 0.390243902439
3 0.756097560976
2 0.560975609756
2 0.243902439024
2 0.829268292683
3 0.829268292683
1 0.707317073171
3 0.219512195122
3 0.80487804878
2 0.926829268293
1 0.658536585366
2 0.780487804878
3 0.487804878049
1 0.829268292683
3 0.975
2 0.756097560976
1 0.731707317073
2 1.0